a = [-1.1125945705384957E-4,	-0.004947409700524321; -0.011395610025151806,	-1.1125945705384957E-4];
 
